<?xml version="1.0"?>
<opencv_storage>
<calibration_Time>"Sat Apr 23 21:38:34 2016"</calibration_Time>
<nrOfFrames>30</nrOfFrames>
<image_Width>640</image_Width>
<image_Height>480</image_Height>
<board_Width>8</board_Width>
<board_Height>6</board_Height>
<square_Size>24.</square_Size>
<FixAspectRatio>1.</FixAspectRatio>
<!-- flags:  +fix_aspectRatio +fix_principal_point +zero_tangent_dist -->
<flagValue>14</flagValue>
<Camera_Matrix type_id="opencv-matrix">
  <rows>3</rows>
  <cols>3</cols>
  <dt>d</dt>
  <data>
    5.8643049529180450e+02 0. 3.1950000000000000e+02 0.
    5.8643049529180450e+02 2.3950000000000000e+02 0. 0. 1.</data></Camera_Matrix>
<Distortion_Coefficients type_id="opencv-matrix">
  <rows>5</rows>
  <cols>1</cols>
  <dt>d</dt>
  <data>
    -1.8725869216973140e-01 -1.4479536037723506e-01 0. 0.
    1.8821604055705612e-02</data></Distortion_Coefficients>
<Avg_Reprojection_Error>2.9135175809564049e+00</Avg_Reprojection_Error>
<Per_View_Reprojection_Errors type_id="opencv-matrix">
  <rows>30</rows>
  <cols>1</cols>
  <dt>f</dt>
  <data>
    2.09816980e+00 2.37084436e+00 2.23296785e+00 2.23236752e+00
    2.26947498e+00 3.29613209e+00 2.22376537e+00 2.88501930e+00
    2.31238365e+00 4.72925615e+00 4.11222124e+00 4.20135880e+00
    3.97681212e+00 3.89124775e+00 4.59134483e+00 2.52597690e+00
    2.56186175e+00 2.39218998e+00 2.36625648e+00 2.25992751e+00
    1.98383367e+00 1.36753166e+00 1.25283015e+00 1.27819300e+00
    1.20195282e+00 1.29501140e+00 2.34331250e+00 4.23372841e+00
    3.19306898e+00 3.99429274e+00</data></Per_View_Reprojection_Errors>
<!-- a set of 6-tuples (rotation vector + translation vector) for each view -->
<Extrinsic_Parameters type_id="opencv-matrix">
  <rows>30</rows>
  <cols>6</cols>
  <dt>d</dt>
  <data>
    -3.4941811519640648e-01 2.1521329148313464e-01
    2.4738812252884609e-01 -2.6140660304756814e+01
    -1.0864324512942780e+02 3.1198942896839742e+02
    -3.7052092084463589e-01 2.0949500398043691e-01
    2.5610217277534092e-01 -2.5467564358557684e+01
    -1.0401048411717815e+02 3.0966534673743433e+02
    -3.6202482967665883e-01 1.9538201739593325e-01
    2.5987837656744522e-01 -3.0395044713797837e+01
    -1.0675906173441464e+02 3.1244257955354431e+02
    -3.6647748080763354e-01 1.9306189444928826e-01
    2.5519575977171227e-01 -3.1340507268747107e+01
    -1.0826171307712531e+02 3.1543567712438659e+02
    -3.7870828275393781e-01 2.1169658284248569e-01
    2.6077711290118655e-01 -2.2548979811898000e+01
    -9.5643209524608565e+01 3.1425586129841088e+02
    -2.7225081029350506e-01 1.5827323601879723e-01
    1.7212750194461290e-01 -1.3245734525514291e+02
    -4.7797101042528254e+01 2.9774608526237267e+02
    -3.3353420740679157e-01 1.3847762709244826e-01
    1.2684155495239166e-01 -1.5395566912663267e+02
    -3.4880114421928141e+01 3.3388166482165570e+02
    -3.1238482862643296e-01 1.6365321768020677e-01
    1.5061807896179313e-01 -1.3370457308338635e+02
    -3.4956166469093738e+01 3.3941255746837470e+02
    -3.6750094912113995e-01 1.9521155562132864e-01
    1.6516102801629542e-01 -1.2254788881857685e+02
    -3.8222004006765701e+01 3.5484340025603990e+02
    3.7009626220294828e-01 3.8325233154750567e-02 3.6157930229832283e-02
    -8.5462278957234048e+01 -3.1683563156648130e+01
    1.8421295409856052e+02 2.9831004503097841e-01 2.7427214548094249e-02
    1.3382871421004161e-02 -8.9584881518986776e+01
    -3.8023516864968201e+01 2.0763603860898644e+02
    3.0754632224500661e-01 6.5002955740032439e-02 9.1428526044398814e-02
    -5.3138771153703175e+01 -4.7841300606161255e+01
    2.2020695501233917e+02 2.3317200764211762e-01 6.5368408202366113e-02
    8.8876722260882376e-02 -5.3979465498068897e+01
    -5.3532965592634262e+01 2.3146974872521943e+02
    1.8001857816675226e-01 5.3328177093841272e-02 7.4231683820697669e-02
    -6.0510616528386464e+01 -5.3167522781886447e+01
    2.4724729914241314e+02 1.8301705667691412e-01 5.7988349519270732e-02
    9.7621418748401120e-02 -5.7023105938982184e+01
    -4.9686687022236072e+01 2.3940159209208551e+02
    -1.7585954371383683e-01 -5.1712857268868262e-01
    9.1595072342325459e-02 8.8447549035507544e-01
    -5.4498411058577169e+01 2.1798092588926633e+02
    -1.6741871918592521e-01 -5.4875171124132349e-01
    7.8202356920685112e-02 -1.7310305539893129e+01
    -5.0011555795701604e+01 2.1643219867610551e+02
    -1.7240911172578649e-01 -5.4641398908978789e-01
    4.0056320850756923e-02 -3.3873727154924993e+01
    -5.5627206865015999e+01 2.2112452295232566e+02
    -1.5014994563199011e-01 -5.2049180717602606e-01
    6.3659405281105516e-02 -2.5794724450430213e+01
    -6.1630463327550686e+01 2.2431630662153475e+02
    -1.2262157021925311e-01 -5.0586487316769091e-01
    8.9269619304861117e-02 -1.5833355144874297e+01
    -6.7013137176404527e+01 2.2082306656791300e+02
    -1.6165071169364226e-01 -4.8875126018743709e-01
    8.5738111185143198e-02 -1.2007892926920034e+01
    -6.3506378175301080e+01 2.2209065929330103e+02
    -7.7096825909375000e-01 -1.1646054842300219e-01
    -6.7816741680892375e-03 -5.9012041899522579e+01
    -6.5595596557223942e+01 2.6093250748102804e+02
    -7.5259752140536273e-01 -1.2710642270147540e-01
    -1.5913841274173852e-02 -7.0252874977866227e+01
    -7.6390300450024355e+01 2.5899155923300896e+02
    -7.4115945631775382e-01 -1.5351262025686474e-01
    -9.1973489026074481e-03 -7.7621293886037748e+01
    -7.6293078474513706e+01 2.5506413405999052e+02
    -7.2661399731208098e-01 -1.5676399219637607e-01
    -5.2017685588144433e-03 -8.0551584947969104e+01
    -7.5029963705935643e+01 2.5367013824884415e+02
    -7.2467903950466284e-01 -1.4291678568681068e-01
    -4.0327600560961813e-03 -8.4337179483326821e+01
    -7.0783359425438647e+01 2.5631913051384919e+02
    -7.1888762357736347e-01 1.0695432698504462e-01
    7.0100882674407755e-02 -6.6884028496160028e+01
    -4.1928849114649566e+01 2.6636444863437947e+02
    1.4063972407779302e-01 -5.9007618591938614e-02
    2.0878959486407353e-01 -9.0275412591416568e+01
    -7.4410837100007086e+01 2.0982568641319878e+02
    1.4345389555284582e-01 -1.3346953532513101e-01
    1.9714251348390052e-01 -8.4245196705363455e+01
    -5.2145795185431844e+01 2.2426782277599858e+02
    1.1914973383793694e-01 -8.2713583533907065e-02
    1.2121387241605812e-01 -7.2330381822809855e+01
    -3.9390141862452936e+01 2.4201909402901433e+02</data></Extrinsic_Parameters>
